Angle Count:4958
150.00000 2.50000 180.00000 0.00000 1
150.00000 2.50000 185.00000 0.00000 1
150.00000 2.50000 190.00000 0.00000 1
150.00000 2.50000 195.00000 0.00000 1
150.00000 2.50000 200.00000 0.00000 1
150.00000 2.50000 205.00000 0.00000 1
150.00000 2.50000 210.00000 0.00000 1
150.00000 2.50000 215.00000 0.00000 1
150.00000 2.50000 220.00000 0.00000 1
150.00000 2.50000 225.00000 0.00000 1
150.00000 2.50000 230.00000 0.00000 1
150.00000 2.50000 235.00000 0.00000 1
270.00000 2.50000 60.00000 0.00000 1
270.00000 2.50000 65.00000 0.00000 1
270.00000 2.50000 70.00000 0.00000 1
270.00000 2.50000 75.00000 0.00000 1
270.00000 2.50000 80.00000 0.00000 1
270.00000 2.50000 85.00000 0.00000 1
270.00000 2.50000 90.00000 0.00000 1
270.00000 2.50000 95.00000 0.00000 1
270.00000 2.50000 100.00000 0.00000 1
270.00000 2.50000 105.00000 0.00000 1
270.00000 2.50000 110.00000 0.00000 1
270.00000 2.50000 115.00000 0.00000 1
30.00000 2.50000 300.00000 0.00000 1
30.00000 2.50000 305.00000 0.00000 1
30.00000 2.50000 310.00000 0.00000 1
30.00000 2.50000 315.00000 0.00000 1
30.00000 2.50000 320.00000 0.00000 1
30.00000 2.50000 325.00000 0.00000 1
30.00000 2.50000 330.00000 0.00000 1
30.00000 2.50000 335.00000 0.00000 1
30.00000 2.50000 340.00000 0.00000 1
30.00000 2.50000 345.00000 0.00000 1
30.00000 2.50000 350.00000 0.00000 1
30.00000 2.50000 355.00000 0.00000 1
90.00000 7.50000 240.00000 0.00000 1
90.00000 7.50000 245.00000 0.00000 1
90.00000 7.50000 250.00000 0.00000 1
90.00000 7.50000 255.00000 0.00000 1
90.00000 7.50000 260.00000 0.00000 1
90.00000 7.50000 265.00000 0.00000 1
90.00000 7.50000 270.00000 0.00000 1
90.00000 7.50000 275.00000 0.00000 1
90.00000 7.50000 280.00000 0.00000 1
90.00000 7.50000 285.00000 0.00000 1
90.00000 7.50000 290.00000 0.00000 1
90.00000 7.50000 295.00000 0.00000 1
130.00000 7.50000 200.00000 0.00000 1
130.00000 7.50000 205.00000 0.00000 1
130.00000 7.50000 210.00000 0.00000 1
130.00000 7.50000 215.00000 0.00000 1
130.00000 7.50000 220.00000 0.00000 1
130.00000 7.50000 225.00000 0.00000 1
130.00000 7.50000 230.00000 0.00000 1
130.00000 7.50000 235.00000 0.00000 1
130.00000 7.50000 240.00000 0.00000 1
130.00000 7.50000 245.00000 0.00000 1
130.00000 7.50000 250.00000 0.00000 1
130.00000 7.50000 255.00000 0.00000 1
170.00000 7.50000 160.00000 0.00000 1
170.00000 7.50000 165.00000 0.00000 1
170.00000 7.50000 170.00000 0.00000 1
170.00000 7.50000 175.00000 0.00000 1
170.00000 7.50000 180.00000 0.00000 1
170.00000 7.50000 185.00000 0.00000 1
170.00000 7.50000 190.00000 0.00000 1
170.00000 7.50000 195.00000 0.00000 1
170.00000 7.50000 200.00000 0.00000 1
170.00000 7.50000 205.00000 0.00000 1
170.00000 7.50000 210.00000 0.00000 1
170.00000 7.50000 215.00000 0.00000 1
210.00000 7.50000 120.00000 0.00000 1
210.00000 7.50000 125.00000 0.00000 1
210.00000 7.50000 130.00000 0.00000 1
210.00000 7.50000 135.00000 0.00000 1
210.00000 7.50000 140.00000 0.00000 1
210.00000 7.50000 145.00000 0.00000 1
210.00000 7.50000 150.00000 0.00000 1
210.00000 7.50000 155.00000 0.00000 1
210.00000 7.50000 160.00000 0.00000 1
210.00000 7.50000 165.00000 0.00000 1
210.00000 7.50000 170.00000 0.00000 1
210.00000 7.50000 175.00000 0.00000 1
250.00000 7.50000 80.00000 0.00000 1
250.00000 7.50000 85.00000 0.00000 1
250.00000 7.50000 90.00000 0.00000 1
250.00000 7.50000 95.00000 0.00000 1
250.00000 7.50000 100.00000 0.00000 1
250.00000 7.50000 105.00000 0.00000 1
250.00000 7.50000 110.00000 0.00000 1
250.00000 7.50000 115.00000 0.00000 1
250.00000 7.50000 120.00000 0.00000 1
250.00000 7.50000 125.00000 0.00000 1
250.00000 7.50000 130.00000 0.00000 1
250.00000 7.50000 135.00000 0.00000 1
290.00000 7.50000 40.00000 0.00000 1
290.00000 7.50000 45.00000 0.00000 1
290.00000 7.50000 50.00000 0.00000 1
290.00000 7.50000 55.00000 0.00000 1
290.00000 7.50000 60.00000 0.00000 1
290.00000 7.50000 65.00000 0.00000 1
290.00000 7.50000 70.00000 0.00000 1
290.00000 7.50000 75.00000 0.00000 1
290.00000 7.50000 80.00000 0.00000 1
290.00000 7.50000 85.00000 0.00000 1
290.00000 7.50000 90.00000 0.00000 1
290.00000 7.50000 95.00000 0.00000 1
330.00000 7.50000 0.00000 0.00000 1
330.00000 7.50000 5.00000 0.00000 1
330.00000 7.50000 10.00000 0.00000 1
330.00000 7.50000 15.00000 0.00000 1
330.00000 7.50000 20.00000 0.00000 1
330.00000 7.50000 25.00000 0.00000 1
330.00000 7.50000 30.00000 0.00000 1
330.00000 7.50000 35.00000 0.00000 1
330.00000 7.50000 40.00000 0.00000 1
330.00000 7.50000 45.00000 0.00000 1
330.00000 7.50000 50.00000 0.00000 1
330.00000 7.50000 55.00000 0.00000 1
10.00000 7.50000 320.00000 0.00000 1
10.00000 7.50000 325.00000 0.00000 1
10.00000 7.50000 330.00000 0.00000 1
10.00000 7.50000 335.00000 0.00000 1
10.00000 7.50000 340.00000 0.00000 1
10.00000 7.50000 345.00000 0.00000 1
10.00000 7.50000 350.00000 0.00000 1
10.00000 7.50000 355.00000 0.00000 1
10.00000 7.50000 0.00000 0.00000 1
10.00000 7.50000 5.00000 0.00000 1
10.00000 7.50000 10.00000 0.00000 1
10.00000 7.50000 15.00000 0.00000 1
50.00000 7.50000 280.00000 0.00000 1
50.00000 7.50000 285.00000 0.00000 1
50.00000 7.50000 290.00000 0.00000 1
50.00000 7.50000 295.00000 0.00000 1
50.00000 7.50000 300.00000 0.00000 1
50.00000 7.50000 305.00000 0.00000 1
50.00000 7.50000 310.00000 0.00000 1
50.00000 7.50000 315.00000 0.00000 1
50.00000 7.50000 320.00000 0.00000 1
50.00000 7.50000 325.00000 0.00000 1
50.00000 7.50000 330.00000 0.00000 1
50.00000 7.50000 335.00000 0.00000 1
101.25000 12.50000 228.75000 0.00000 1
101.25000 12.50000 233.75000 0.00000 1
101.25000 12.50000 238.75000 0.00000 1
101.25000 12.50000 243.75000 0.00000 1
101.25000 12.50000 248.75000 0.00000 1
101.25000 12.50000 253.75000 0.00000 1
101.25000 12.50000 258.75000 0.00000 1
101.25000 12.50000 263.75000 0.00000 1
101.25000 12.50000 268.75000 0.00000 1
101.25000 12.50000 273.75000 0.00000 1
101.25000 12.50000 278.75000 0.00000 1
101.25000 12.50000 283.75000 0.00000 1
123.75000 12.50000 206.25000 0.00000 1
123.75000 12.50000 211.25000 0.00000 1
123.75000 12.50000 216.25000 0.00000 1
123.75000 12.50000 221.25000 0.00000 1
123.75000 12.50000 226.25000 0.00000 1
123.75000 12.50000 231.25000 0.00000 1
123.75000 12.50000 236.25000 0.00000 1
123.75000 12.50000 241.25000 0.00000 1
123.75000 12.50000 246.25000 0.00000 1
123.75000 12.50000 251.25000 0.00000 1
123.75000 12.50000 256.25000 0.00000 1
123.75000 12.50000 261.25000 0.00000 1
146.25000 12.50000 183.75000 0.00000 1
146.25000 12.50000 188.75000 0.00000 1
146.25000 12.50000 193.75000 0.00000 1
146.25000 12.50000 198.75000 0.00000 1
146.25000 12.50000 203.75000 0.00000 1
146.25000 12.50000 208.75000 0.00000 1
146.25000 12.50000 213.75000 0.00000 1
146.25000 12.50000 218.75000 0.00000 1
146.25000 12.50000 223.75000 0.00000 1
146.25000 12.50000 228.75000 0.00000 1
146.25000 12.50000 233.75000 0.00000 1
146.25000 12.50000 238.75000 0.00000 1
168.75000 12.50000 161.25000 0.00000 1
168.75000 12.50000 166.25000 0.00000 1
168.75000 12.50000 171.25000 0.00000 1
168.75000 12.50000 176.25000 0.00000 1
168.75000 12.50000 181.25000 0.00000 1
168.75000 12.50000 186.25000 0.00000 1
168.75000 12.50000 191.25000 0.00000 1
168.75000 12.50000 196.25000 0.00000 1
168.75000 12.50000 201.25000 0.00000 1
168.75000 12.50000 206.25000 0.00000 1
168.75000 12.50000 211.25000 0.00000 1
168.75000 12.50000 216.25000 0.00000 1
191.25000 12.50000 138.75000 0.00000 1
191.25000 12.50000 143.75000 0.00000 1
191.25000 12.50000 148.75000 0.00000 1
191.25000 12.50000 153.75000 0.00000 1
191.25000 12.50000 158.75000 0.00000 1
191.25000 12.50000 163.75000 0.00000 1
191.25000 12.50000 168.75000 0.00000 1
191.25000 12.50000 173.75000 0.00000 1
191.25000 12.50000 178.75000 0.00000 1
191.25000 12.50000 183.75000 0.00000 1
191.25000 12.50000 188.75000 0.00000 1
191.25000 12.50000 193.75000 0.00000 1
213.75000 12.50000 116.25000 0.00000 1
213.75000 12.50000 121.25000 0.00000 1
213.75000 12.50000 126.25000 0.00000 1
213.75000 12.50000 131.25000 0.00000 1
213.75000 12.50000 136.25000 0.00000 1
213.75000 12.50000 141.25000 0.00000 1
213.75000 12.50000 146.25000 0.00000 1
213.75000 12.50000 151.25000 0.00000 1
213.75000 12.50000 156.25000 0.00000 1
213.75000 12.50000 161.25000 0.00000 1
213.75000 12.50000 166.25000 0.00000 1
213.75000 12.50000 171.25000 0.00000 1
236.25000 12.50000 93.75000 0.00000 1
236.25000 12.50000 98.75000 0.00000 1
236.25000 12.50000 103.75000 0.00000 1
236.25000 12.50000 108.75000 0.00000 1
236.25000 12.50000 113.75000 0.00000 1
236.25000 12.50000 118.75000 0.00000 1
236.25000 12.50000 123.75000 0.00000 1
236.25000 12.50000 128.75000 0.00000 1
236.25000 12.50000 133.75000 0.00000 1
236.25000 12.50000 138.75000 0.00000 1
236.25000 12.50000 143.75000 0.00000 1
236.25000 12.50000 148.75000 0.00000 1
258.75000 12.50000 71.25000 0.00000 1
258.75000 12.50000 76.25000 0.00000 1
258.75000 12.50000 81.25000 0.00000 1
258.75000 12.50000 86.25000 0.00000 1
258.75000 12.50000 91.25000 0.00000 1
258.75000 12.50000 96.25000 0.00000 1
258.75000 12.50000 101.25000 0.00000 1
258.75000 12.50000 106.25000 0.00000 1
258.75000 12.50000 111.25000 0.00000 1
258.75000 12.50000 116.25000 0.00000 1
258.75000 12.50000 121.25000 0.00000 1
258.75000 12.50000 126.25000 0.00000 1
281.25000 12.50000 48.75000 0.00000 1
281.25000 12.50000 53.75000 0.00000 1
281.25000 12.50000 58.75000 0.00000 1
281.25000 12.50000 63.75000 0.00000 1
281.25000 12.50000 68.75000 0.00000 1
281.25000 12.50000 73.75000 0.00000 1
281.25000 12.50000 78.75000 0.00000 1
281.25000 12.50000 83.75000 0.00000 1
281.25000 12.50000 88.75000 0.00000 1
281.25000 12.50000 93.75000 0.00000 1
281.25000 12.50000 98.75000 0.00000 1
281.25000 12.50000 103.75000 0.00000 1
303.75000 12.50000 26.25000 0.00000 1
303.75000 12.50000 31.25000 0.00000 1
303.75000 12.50000 36.25000 0.00000 1
303.75000 12.50000 41.25000 0.00000 1
303.75000 12.50000 46.25000 0.00000 1
303.75000 12.50000 51.25000 0.00000 1
303.75000 12.50000 56.25000 0.00000 1
303.75000 12.50000 61.25000 0.00000 1
303.75000 12.50000 66.25000 0.00000 1
303.75000 12.50000 71.25000 0.00000 1
303.75000 12.50000 76.25000 0.00000 1
303.75000 12.50000 81.25000 0.00000 1
326.25000 12.50000 3.75000 0.00000 1
326.25000 12.50000 8.75000 0.00000 1
326.25000 12.50000 13.75000 0.00000 1
326.25000 12.50000 18.75000 0.00000 1
326.25000 12.50000 23.75000 0.00000 1
326.25000 12.50000 28.75000 0.00000 1
326.25000 12.50000 33.75000 0.00000 1
326.25000 12.50000 38.75000 0.00000 1
326.25000 12.50000 43.75000 0.00000 1
326.25000 12.50000 48.75000 0.00000 1
326.25000 12.50000 53.75000 0.00000 1
326.25000 12.50000 58.75000 0.00000 1
348.75000 12.50000 341.25000 0.00000 1
348.75000 12.50000 346.25000 0.00000 1
348.75000 12.50000 351.25000 0.00000 1
348.75000 12.50000 356.25000 0.00000 1
348.75000 12.50000 1.25000 0.00000 1
348.75000 12.50000 6.25000 0.00000 1
348.75000 12.50000 11.25000 0.00000 1
348.75000 12.50000 16.25000 0.00000 1
348.75000 12.50000 21.25000 0.00000 1
348.75000 12.50000 26.25000 0.00000 1
348.75000 12.50000 31.25000 0.00000 1
348.75000 12.50000 36.25000 0.00000 1
11.25000 12.50000 318.75000 0.00000 1
11.25000 12.50000 323.75000 0.00000 1
11.25000 12.50000 328.75000 0.00000 1
11.25000 12.50000 333.75000 0.00000 1
11.25000 12.50000 338.75000 0.00000 1
11.25000 12.50000 343.75000 0.00000 1
11.25000 12.50000 348.75000 0.00000 1
11.25000 12.50000 353.75000 0.00000 1
11.25000 12.50000 358.75000 0.00000 1
11.25000 12.50000 3.75000 0.00000 1
11.25000 12.50000 8.75000 0.00000 1
11.25000 12.50000 13.75000 0.00000 1
33.75000 12.50000 296.25000 0.00000 1
33.75000 12.50000 301.25000 0.00000 1
33.75000 12.50000 306.25000 0.00000 1
33.75000 12.50000 311.25000 0.00000 1
33.75000 12.50000 316.25000 0.00000 1
33.75000 12.50000 321.25000 0.00000 1
33.75000 12.50000 326.25000 0.00000 1
33.75000 12.50000 331.25000 0.00000 1
33.75000 12.50000 336.25000 0.00000 1
33.75000 12.50000 341.25000 0.00000 1
33.75000 12.50000 346.25000 0.00000 1
33.75000 12.50000 351.25000 0.00000 1
56.25000 12.50000 273.75000 0.00000 1
56.25000 12.50000 278.75000 0.00000 1
56.25000 12.50000 283.75000 0.00000 1
56.25000 12.50000 288.75000 0.00000 1
56.25000 12.50000 293.75000 0.00000 1
56.25000 12.50000 298.75000 0.00000 1
56.25000 12.50000 303.75000 0.00000 1
56.25000 12.50000 308.75000 0.00000 1
56.25000 12.50000 313.75000 0.00000 1
56.25000 12.50000 318.75000 0.00000 1
56.25000 12.50000 323.75000 0.00000 1
56.25000 12.50000 328.75000 0.00000 1
78.75000 12.50000 251.25000 0.00000 1
78.75000 12.50000 256.25000 0.00000 1
78.75000 12.50000 261.25000 0.00000 1
78.75000 12.50000 266.25000 0.00000 1
78.75000 12.50000 271.25000 0.00000 1
78.75000 12.50000 276.25000 0.00000 1
78.75000 12.50000 281.25000 0.00000 1
78.75000 12.50000 286.25000 0.00000 1
78.75000 12.50000 291.25000 0.00000 1
78.75000 12.50000 296.25000 0.00000 1
78.75000 12.50000 301.25000 0.00000 1
78.75000 12.50000 306.25000 0.00000 1
90.00000 17.50000 240.00000 0.00000 1
90.00000 17.50000 245.00000 0.00000 1
90.00000 17.50000 250.00000 0.00000 1
90.00000 17.50000 255.00000 0.00000 1
90.00000 17.50000 260.00000 0.00000 1
90.00000 17.50000 265.00000 0.00000 1
90.00000 17.50000 270.00000 0.00000 1
90.00000 17.50000 275.00000 0.00000 1
90.00000 17.50000 280.00000 0.00000 1
90.00000 17.50000 285.00000 0.00000 1
90.00000 17.50000 290.00000 0.00000 1
90.00000 17.50000 295.00000 0.00000 1
106.36364 17.50000 223.63636 0.00000 1
106.36364 17.50000 228.63636 0.00000 1
106.36364 17.50000 233.63636 0.00000 1
106.36364 17.50000 238.63636 0.00000 1
106.36364 17.50000 243.63636 0.00000 1
106.36364 17.50000 248.63636 0.00000 1
106.36364 17.50000 253.63636 0.00000 1
106.36364 17.50000 258.63636 0.00000 1
106.36364 17.50000 263.63636 0.00000 1
106.36364 17.50000 268.63636 0.00000 1
106.36364 17.50000 273.63636 0.00000 1
106.36364 17.50000 278.63636 0.00000 1
122.72727 17.50000 207.27273 0.00000 1
122.72727 17.50000 212.27273 0.00000 1
122.72727 17.50000 217.27273 0.00000 1
122.72727 17.50000 222.27273 0.00000 1
122.72727 17.50000 227.27273 0.00000 1
122.72727 17.50000 232.27273 0.00000 1
122.72727 17.50000 237.27273 0.00000 1
122.72727 17.50000 242.27273 0.00000 1
122.72727 17.50000 247.27273 0.00000 1
122.72727 17.50000 252.27273 0.00000 1
122.72727 17.50000 257.27273 0.00000 1
122.72727 17.50000 262.27273 0.00000 1
139.09091 17.50000 190.90909 0.00000 1
139.09091 17.50000 195.90909 0.00000 1
139.09091 17.50000 200.90909 0.00000 1
139.09091 17.50000 205.90909 0.00000 1
139.09091 17.50000 210.90909 0.00000 1
139.09091 17.50000 215.90909 0.00000 1
139.09091 17.50000 220.90909 0.00000 1
139.09091 17.50000 225.90909 0.00000 1
139.09091 17.50000 230.90909 0.00000 1
139.09091 17.50000 235.90909 0.00000 1
139.09091 17.50000 240.90909 0.00000 1
139.09091 17.50000 245.90909 0.00000 1
155.45455 17.50000 174.54545 0.00000 1
155.45455 17.50000 179.54545 0.00000 1
155.45455 17.50000 184.54545 0.00000 1
155.45455 17.50000 189.54545 0.00000 1
155.45455 17.50000 194.54545 0.00000 1
155.45455 17.50000 199.54545 0.00000 1
155.45455 17.50000 204.54545 0.00000 1
155.45455 17.50000 209.54545 0.00000 1
155.45455 17.50000 214.54545 0.00000 1
155.45455 17.50000 219.54545 0.00000 1
155.45455 17.50000 224.54545 0.00000 1
155.45455 17.50000 229.54545 0.00000 1
171.81818 17.50000 158.18182 0.00000 1
171.81818 17.50000 163.18182 0.00000 1
171.81818 17.50000 168.18182 0.00000 1
171.81818 17.50000 173.18182 0.00000 1
171.81818 17.50000 178.18182 0.00000 1
171.81818 17.50000 183.18182 0.00000 1
171.81818 17.50000 188.18182 0.00000 1
171.81818 17.50000 193.18182 0.00000 1
171.81818 17.50000 198.18182 0.00000 1
171.81818 17.50000 203.18182 0.00000 1
171.81818 17.50000 208.18182 0.00000 1
171.81818 17.50000 213.18182 0.00000 1
188.18182 17.50000 141.81818 0.00000 1
188.18182 17.50000 146.81818 0.00000 1
188.18182 17.50000 151.81818 0.00000 1
188.18182 17.50000 156.81818 0.00000 1
188.18182 17.50000 161.81818 0.00000 1
188.18182 17.50000 166.81818 0.00000 1
188.18182 17.50000 171.81818 0.00000 1
188.18182 17.50000 176.81818 0.00000 1
188.18182 17.50000 181.81818 0.00000 1
188.18182 17.50000 186.81818 0.00000 1
188.18182 17.50000 191.81818 0.00000 1
188.18182 17.50000 196.81818 0.00000 1
204.54545 17.50000 125.45455 0.00000 1
204.54545 17.50000 130.45455 0.00000 1
204.54545 17.50000 135.45455 0.00000 1
204.54545 17.50000 140.45455 0.00000 1
204.54545 17.50000 145.45455 0.00000 1
204.54545 17.50000 150.45455 0.00000 1
204.54545 17.50000 155.45455 0.00000 1
204.54545 17.50000 160.45455 0.00000 1
204.54545 17.50000 165.45455 0.00000 1
204.54545 17.50000 170.45455 0.00000 1
204.54545 17.50000 175.45455 0.00000 1
204.54545 17.50000 180.45455 0.00000 1
220.90909 17.50000 109.09091 0.00000 1
220.90909 17.50000 114.09091 0.00000 1
220.90909 17.50000 119.09091 0.00000 1
220.90909 17.50000 124.09091 0.00000 1
220.90909 17.50000 129.09091 0.00000 1
220.90909 17.50000 134.09091 0.00000 1
220.90909 17.50000 139.09091 0.00000 1
220.90909 17.50000 144.09091 0.00000 1
220.90909 17.50000 149.09091 0.00000 1
220.90909 17.50000 154.09091 0.00000 1
220.90909 17.50000 159.09091 0.00000 1
220.90909 17.50000 164.09091 0.00000 1
237.27273 17.50000 92.72727 0.00000 1
237.27273 17.50000 97.72727 0.00000 1
237.27273 17.50000 102.72727 0.00000 1
237.27273 17.50000 107.72727 0.00000 1
237.27273 17.50000 112.72727 0.00000 1
237.27273 17.50000 117.72727 0.00000 1
237.27273 17.50000 122.72727 0.00000 1
237.27273 17.50000 127.72727 0.00000 1
237.27273 17.50000 132.72727 0.00000 1
237.27273 17.50000 137.72727 0.00000 1
237.27273 17.50000 142.72727 0.00000 1
237.27273 17.50000 147.72727 0.00000 1
253.63636 17.50000 76.36364 0.00000 1
253.63636 17.50000 81.36364 0.00000 1
253.63636 17.50000 86.36364 0.00000 1
253.63636 17.50000 91.36364 0.00000 1
253.63636 17.50000 96.36364 0.00000 1
253.63636 17.50000 101.36364 0.00000 1
253.63636 17.50000 106.36364 0.00000 1
253.63636 17.50000 111.36364 0.00000 1
253.63636 17.50000 116.36364 0.00000 1
253.63636 17.50000 121.36364 0.00000 1
253.63636 17.50000 126.36364 0.00000 1
253.63636 17.50000 131.36364 0.00000 1
270.00000 17.50000 60.00000 0.00000 1
270.00000 17.50000 65.00000 0.00000 1
270.00000 17.50000 70.00000 0.00000 1
270.00000 17.50000 75.00000 0.00000 1
270.00000 17.50000 80.00000 0.00000 1
270.00000 17.50000 85.00000 0.00000 1
270.00000 17.50000 90.00000 0.00000 1
270.00000 17.50000 95.00000 0.00000 1
270.00000 17.50000 100.00000 0.00000 1
270.00000 17.50000 105.00000 0.00000 1
270.00000 17.50000 110.00000 0.00000 1
270.00000 17.50000 115.00000 0.00000 1
286.36364 17.50000 43.63636 0.00000 1
286.36364 17.50000 48.63636 0.00000 1
286.36364 17.50000 53.63636 0.00000 1
286.36364 17.50000 58.63636 0.00000 1
286.36364 17.50000 63.63636 0.00000 1
286.36364 17.50000 68.63636 0.00000 1
286.36364 17.50000 73.63636 0.00000 1
286.36364 17.50000 78.63636 0.00000 1
286.36364 17.50000 83.63636 0.00000 1
286.36364 17.50000 88.63636 0.00000 1
286.36364 17.50000 93.63636 0.00000 1
286.36364 17.50000 98.63636 0.00000 1
302.72727 17.50000 27.27273 0.00000 1
302.72727 17.50000 32.27273 0.00000 1
302.72727 17.50000 37.27273 0.00000 1
302.72727 17.50000 42.27273 0.00000 1
302.72727 17.50000 47.27273 0.00000 1
302.72727 17.50000 52.27273 0.00000 1
302.72727 17.50000 57.27273 0.00000 1
302.72727 17.50000 62.27273 0.00000 1
302.72727 17.50000 67.27273 0.00000 1
302.72727 17.50000 72.27273 0.00000 1
302.72727 17.50000 77.27273 0.00000 1
302.72727 17.50000 82.27273 0.00000 1
319.09091 17.50000 10.90909 0.00000 1
319.09091 17.50000 15.90909 0.00000 1
319.09091 17.50000 20.90909 0.00000 1
319.09091 17.50000 25.90909 0.00000 1
319.09091 17.50000 30.90909 0.00000 1
319.09091 17.50000 35.90909 0.00000 1
319.09091 17.50000 40.90909 0.00000 1
319.09091 17.50000 45.90909 0.00000 1
319.09091 17.50000 50.90909 0.00000 1
319.09091 17.50000 55.90909 0.00000 1
319.09091 17.50000 60.90909 0.00000 1
319.09091 17.50000 65.90909 0.00000 1
335.45455 17.50000 354.54545 0.00000 1
335.45455 17.50000 359.54545 0.00000 1
335.45455 17.50000 4.54545 0.00000 1
335.45455 17.50000 9.54545 0.00000 1
335.45455 17.50000 14.54545 0.00000 1
335.45455 17.50000 19.54545 0.00000 1
335.45455 17.50000 24.54545 0.00000 1
335.45455 17.50000 29.54545 0.00000 1
335.45455 17.50000 34.54545 0.00000 1
335.45455 17.50000 39.54545 0.00000 1
335.45455 17.50000 44.54545 0.00000 1
335.45455 17.50000 49.54545 0.00000 1
351.81818 17.50000 338.18182 0.00000 1
351.81818 17.50000 343.18182 0.00000 1
351.81818 17.50000 348.18182 0.00000 1
351.81818 17.50000 353.18182 0.00000 1
351.81818 17.50000 358.18182 0.00000 1
351.81818 17.50000 3.18182 0.00000 1
351.81818 17.50000 8.18182 0.00000 1
351.81818 17.50000 13.18182 0.00000 1
351.81818 17.50000 18.18182 0.00000 1
351.81818 17.50000 23.18182 0.00000 1
351.81818 17.50000 28.18182 0.00000 1
351.81818 17.50000 33.18182 0.00000 1
8.18182 17.50000 321.81818 0.00000 1
8.18182 17.50000 326.81818 0.00000 1
8.18182 17.50000 331.81818 0.00000 1
8.18182 17.50000 336.81818 0.00000 1
8.18182 17.50000 341.81818 0.00000 1
8.18182 17.50000 346.81818 0.00000 1
8.18182 17.50000 351.81818 0.00000 1
8.18182 17.50000 356.81818 0.00000 1
8.18182 17.50000 1.81818 0.00000 1
8.18182 17.50000 6.81818 0.00000 1
8.18182 17.50000 11.81818 0.00000 1
8.18182 17.50000 16.81818 0.00000 1
24.54545 17.50000 305.45455 0.00000 1
24.54545 17.50000 310.45455 0.00000 1
24.54545 17.50000 315.45455 0.00000 1
24.54545 17.50000 320.45455 0.00000 1
24.54545 17.50000 325.45455 0.00000 1
24.54545 17.50000 330.45455 0.00000 1
24.54545 17.50000 335.45455 0.00000 1
24.54545 17.50000 340.45455 0.00000 1
24.54545 17.50000 345.45455 0.00000 1
24.54545 17.50000 350.45455 0.00000 1
24.54545 17.50000 355.45455 0.00000 1
24.54545 17.50000 0.45455 0.00000 1
40.90909 17.50000 289.09091 0.00000 1
40.90909 17.50000 294.09091 0.00000 1
40.90909 17.50000 299.09091 0.00000 1
40.90909 17.50000 304.09091 0.00000 1
40.90909 17.50000 309.09091 0.00000 1
40.90909 17.50000 314.09091 0.00000 1
40.90909 17.50000 319.09091 0.00000 1
40.90909 17.50000 324.09091 0.00000 1
40.90909 17.50000 329.09091 0.00000 1
40.90909 17.50000 334.09091 0.00000 1
40.90909 17.50000 339.09091 0.00000 1
40.90909 17.50000 344.09091 0.00000 1
57.27273 17.50000 272.72727 0.00000 1
57.27273 17.50000 277.72727 0.00000 1
57.27273 17.50000 282.72727 0.00000 1
57.27273 17.50000 287.72727 0.00000 1
57.27273 17.50000 292.72727 0.00000 1
57.27273 17.50000 297.72727 0.00000 1
57.27273 17.50000 302.72727 0.00000 1
57.27273 17.50000 307.72727 0.00000 1
57.27273 17.50000 312.72727 0.00000 1
57.27273 17.50000 317.72727 0.00000 1
57.27273 17.50000 322.72727 0.00000 1
57.27273 17.50000 327.72727 0.00000 1
73.63636 17.50000 256.36364 0.00000 1
73.63636 17.50000 261.36364 0.00000 1
73.63636 17.50000 266.36364 0.00000 1
73.63636 17.50000 271.36364 0.00000 1
73.63636 17.50000 276.36364 0.00000 1
73.63636 17.50000 281.36364 0.00000 1
73.63636 17.50000 286.36364 0.00000 1
73.63636 17.50000 291.36364 0.00000 1
73.63636 17.50000 296.36364 0.00000 1
73.63636 17.50000 301.36364 0.00000 1
73.63636 17.50000 306.36364 0.00000 1
73.63636 17.50000 311.36364 0.00000 1
96.42857 22.50000 233.57143 0.00000 1
96.42857 22.50000 238.57143 0.00000 1
96.42857 22.50000 243.57143 0.00000 1
96.42857 22.50000 248.57143 0.00000 1
96.42857 22.50000 253.57143 0.00000 1
96.42857 22.50000 258.57143 0.00000 1
96.42857 22.50000 263.57143 0.00000 1
96.42857 22.50000 268.57143 0.00000 1
96.42857 22.50000 273.57143 0.00000 1
96.42857 22.50000 278.57143 0.00000 1
96.42857 22.50000 283.57143 0.00000 1
96.42857 22.50000 288.57143 0.00000 1
109.28571 22.50000 220.71429 0.00000 1
109.28571 22.50000 225.71429 0.00000 1
109.28571 22.50000 230.71429 0.00000 1
109.28571 22.50000 235.71429 0.00000 1
109.28571 22.50000 240.71429 0.00000 1
109.28571 22.50000 245.71429 0.00000 1
109.28571 22.50000 250.71429 0.00000 1
109.28571 22.50000 255.71429 0.00000 1
109.28571 22.50000 260.71429 0.00000 1
109.28571 22.50000 265.71429 0.00000 1
109.28571 22.50000 270.71429 0.00000 1
109.28571 22.50000 275.71429 0.00000 1
122.14286 22.50000 207.85714 0.00000 1
122.14286 22.50000 212.85714 0.00000 1
122.14286 22.50000 217.85714 0.00000 1
122.14286 22.50000 222.85714 0.00000 1
122.14286 22.50000 227.85714 0.00000 1
122.14286 22.50000 232.85714 0.00000 1
122.14286 22.50000 237.85714 0.00000 1
122.14286 22.50000 242.85714 0.00000 1
122.14286 22.50000 247.85714 0.00000 1
122.14286 22.50000 252.85714 0.00000 1
122.14286 22.50000 257.85714 0.00000 1
122.14286 22.50000 262.85714 0.00000 1
135.00000 22.50000 195.00000 0.00000 1
135.00000 22.50000 200.00000 0.00000 1
135.00000 22.50000 205.00000 0.00000 1
135.00000 22.50000 210.00000 0.00000 1
135.00000 22.50000 215.00000 0.00000 1
135.00000 22.50000 220.00000 0.00000 1
135.00000 22.50000 225.00000 0.00000 1
135.00000 22.50000 230.00000 0.00000 1
135.00000 22.50000 235.00000 0.00000 1
135.00000 22.50000 240.00000 0.00000 1
135.00000 22.50000 245.00000 0.00000 1
135.00000 22.50000 250.00000 0.00000 1
147.85714 22.50000 182.14286 0.00000 1
147.85714 22.50000 187.14286 0.00000 1
147.85714 22.50000 192.14286 0.00000 1
147.85714 22.50000 197.14286 0.00000 1
147.85714 22.50000 202.14286 0.00000 1
147.85714 22.50000 207.14286 0.00000 1
147.85714 22.50000 212.14286 0.00000 1
147.85714 22.50000 217.14286 0.00000 1
147.85714 22.50000 222.14286 0.00000 1
147.85714 22.50000 227.14286 0.00000 1
147.85714 22.50000 232.14286 0.00000 1
147.85714 22.50000 237.14286 0.00000 1
160.71429 22.50000 169.28571 0.00000 1
160.71429 22.50000 174.28571 0.00000 1
160.71429 22.50000 179.28571 0.00000 1
160.71429 22.50000 184.28571 0.00000 1
160.71429 22.50000 189.28571 0.00000 1
160.71429 22.50000 194.28571 0.00000 1
160.71429 22.50000 199.28571 0.00000 1
160.71429 22.50000 204.28571 0.00000 1
160.71429 22.50000 209.28571 0.00000 1
160.71429 22.50000 214.28571 0.00000 1
160.71429 22.50000 219.28571 0.00000 1
160.71429 22.50000 224.28571 0.00000 1
173.57143 22.50000 156.42857 0.00000 1
173.57143 22.50000 161.42857 0.00000 1
173.57143 22.50000 166.42857 0.00000 1
173.57143 22.50000 171.42857 0.00000 1
173.57143 22.50000 176.42857 0.00000 1
173.57143 22.50000 181.42857 0.00000 1
173.57143 22.50000 186.42857 0.00000 1
173.57143 22.50000 191.42857 0.00000 1
173.57143 22.50000 196.42857 0.00000 1
173.57143 22.50000 201.42857 0.00000 1
173.57143 22.50000 206.42857 0.00000 1
173.57143 22.50000 211.42857 0.00000 1
186.42857 22.50000 143.57143 0.00000 1
186.42857 22.50000 148.57143 0.00000 1
186.42857 22.50000 153.57143 0.00000 1
186.42857 22.50000 158.57143 0.00000 1
186.42857 22.50000 163.57143 0.00000 1
186.42857 22.50000 168.57143 0.00000 1
186.42857 22.50000 173.57143 0.00000 1
186.42857 22.50000 178.57143 0.00000 1
186.42857 22.50000 183.57143 0.00000 1
186.42857 22.50000 188.57143 0.00000 1
186.42857 22.50000 193.57143 0.00000 1
186.42857 22.50000 198.57143 0.00000 1
199.28571 22.50000 130.71429 0.00000 1
199.28571 22.50000 135.71429 0.00000 1
199.28571 22.50000 140.71429 0.00000 1
199.28571 22.50000 145.71429 0.00000 1
199.28571 22.50000 150.71429 0.00000 1
199.28571 22.50000 155.71429 0.00000 1
199.28571 22.50000 160.71429 0.00000 1
199.28571 22.50000 165.71429 0.00000 1
199.28571 22.50000 170.71429 0.00000 1
199.28571 22.50000 175.71429 0.00000 1
199.28571 22.50000 180.71429 0.00000 1
199.28571 22.50000 185.71429 0.00000 1
212.14286 22.50000 117.85714 0.00000 1
212.14286 22.50000 122.85714 0.00000 1
212.14286 22.50000 127.85714 0.00000 1
212.14286 22.50000 132.85714 0.00000 1
212.14286 22.50000 137.85714 0.00000 1
212.14286 22.50000 142.85714 0.00000 1
212.14286 22.50000 147.85714 0.00000 1
212.14286 22.50000 152.85714 0.00000 1
212.14286 22.50000 157.85714 0.00000 1
212.14286 22.50000 162.85714 0.00000 1
212.14286 22.50000 167.85714 0.00000 1
212.14286 22.50000 172.85714 0.00000 1
225.00000 22.50000 105.00000 0.00000 1
225.00000 22.50000 110.00000 0.00000 1
225.00000 22.50000 115.00000 0.00000 1
225.00000 22.50000 120.00000 0.00000 1
225.00000 22.50000 125.00000 0.00000 1
225.00000 22.50000 130.00000 0.00000 1
225.00000 22.50000 135.00000 0.00000 1
225.00000 22.50000 140.00000 0.00000 1
225.00000 22.50000 145.00000 0.00000 1
225.00000 22.50000 150.00000 0.00000 1
225.00000 22.50000 155.00000 0.00000 1
225.00000 22.50000 160.00000 0.00000 1
237.85714 22.50000 92.14286 0.00000 1
237.85714 22.50000 97.14286 0.00000 1
237.85714 22.50000 102.14286 0.00000 1
237.85714 22.50000 107.14286 0.00000 1
237.85714 22.50000 112.14286 0.00000 1
237.85714 22.50000 117.14286 0.00000 1
237.85714 22.50000 122.14286 0.00000 1
237.85714 22.50000 127.14286 0.00000 1
237.85714 22.50000 132.14286 0.00000 1
237.85714 22.50000 137.14286 0.00000 1
237.85714 22.50000 142.14286 0.00000 1
237.85714 22.50000 147.14286 0.00000 1
250.71429 22.50000 79.28571 0.00000 1
250.71429 22.50000 84.28571 0.00000 1
250.71429 22.50000 89.28571 0.00000 1
250.71429 22.50000 94.28571 0.00000 1
250.71429 22.50000 99.28571 0.00000 1
250.71429 22.50000 104.28571 0.00000 1
250.71429 22.50000 109.28571 0.00000 1
250.71429 22.50000 114.28571 0.00000 1
250.71429 22.50000 119.28571 0.00000 1
250.71429 22.50000 124.28571 0.00000 1
250.71429 22.50000 129.28571 0.00000 1
250.71429 22.50000 134.28571 0.00000 1
263.57143 22.50000 66.42857 0.00000 1
263.57143 22.50000 71.42857 0.00000 1
263.57143 22.50000 76.42857 0.00000 1
263.57143 22.50000 81.42857 0.00000 1
263.57143 22.50000 86.42857 0.00000 1
263.57143 22.50000 91.42857 0.00000 1
263.57143 22.50000 96.42857 0.00000 1
263.57143 22.50000 101.42857 0.00000 1
263.57143 22.50000 106.42857 0.00000 1
263.57143 22.50000 111.42857 0.00000 1
263.57143 22.50000 116.42857 0.00000 1
263.57143 22.50000 121.42857 0.00000 1
276.42857 22.50000 53.57143 0.00000 1
276.42857 22.50000 58.57143 0.00000 1
276.42857 22.50000 63.57143 0.00000 1
276.42857 22.50000 68.57143 0.00000 1
276.42857 22.50000 73.57143 0.00000 1
276.42857 22.50000 78.57143 0.00000 1
276.42857 22.50000 83.57143 0.00000 1
276.42857 22.50000 88.57143 0.00000 1
276.42857 22.50000 93.57143 0.00000 1
276.42857 22.50000 98.57143 0.00000 1
276.42857 22.50000 103.57143 0.00000 1
276.42857 22.50000 108.57143 0.00000 1
289.28571 22.50000 40.71429 0.00000 1
289.28571 22.50000 45.71429 0.00000 1
289.28571 22.50000 50.71429 0.00000 1
289.28571 22.50000 55.71429 0.00000 1
289.28571 22.50000 60.71429 0.00000 1
289.28571 22.50000 65.71429 0.00000 1
289.28571 22.50000 70.71429 0.00000 1
289.28571 22.50000 75.71429 0.00000 1
289.28571 22.50000 80.71429 0.00000 1
289.28571 22.50000 85.71429 0.00000 1
289.28571 22.50000 90.71429 0.00000 1
289.28571 22.50000 95.71429 0.00000 1
302.14286 22.50000 27.85714 0.00000 1
302.14286 22.50000 32.85714 0.00000 1
302.14286 22.50000 37.85714 0.00000 1
302.14286 22.50000 42.85714 0.00000 1
302.14286 22.50000 47.85714 0.00000 1
302.14286 22.50000 52.85714 0.00000 1
302.14286 22.50000 57.85714 0.00000 1
302.14286 22.50000 62.85714 0.00000 1
302.14286 22.50000 67.85714 0.00000 1
302.14286 22.50000 72.85714 0.00000 1
302.14286 22.50000 77.85714 0.00000 1
302.14286 22.50000 82.85714 0.00000 1
315.00000 22.50000 15.00000 0.00000 1
315.00000 22.50000 20.00000 0.00000 1
315.00000 22.50000 25.00000 0.00000 1
315.00000 22.50000 30.00000 0.00000 1
315.00000 22.50000 35.00000 0.00000 1
315.00000 22.50000 40.00000 0.00000 1
315.00000 22.50000 45.00000 0.00000 1
315.00000 22.50000 50.00000 0.00000 1
315.00000 22.50000 55.00000 0.00000 1
315.00000 22.50000 60.00000 0.00000 1
315.00000 22.50000 65.00000 0.00000 1
315.00000 22.50000 70.00000 0.00000 1
327.85714 22.50000 2.14286 0.00000 1
327.85714 22.50000 7.14286 0.00000 1
327.85714 22.50000 12.14286 0.00000 1
327.85714 22.50000 17.14286 0.00000 1
327.85714 22.50000 22.14286 0.00000 1
327.85714 22.50000 27.14286 0.00000 1
327.85714 22.50000 32.14286 0.00000 1
327.85714 22.50000 37.14286 0.00000 1
327.85714 22.50000 42.14286 0.00000 1
327.85714 22.50000 47.14286 0.00000 1
327.85714 22.50000 52.14286 0.00000 1
327.85714 22.50000 57.14286 0.00000 1
340.71429 22.50000 349.28571 0.00000 1
340.71429 22.50000 354.28571 0.00000 1
340.71429 22.50000 359.28571 0.00000 1
340.71429 22.50000 4.28571 0.00000 1
340.71429 22.50000 9.28571 0.00000 1
340.71429 22.50000 14.28571 0.00000 1
340.71429 22.50000 19.28571 0.00000 1
340.71429 22.50000 24.28571 0.00000 1
340.71429 22.50000 29.28571 0.00000 1
340.71429 22.50000 34.28571 0.00000 1
340.71429 22.50000 39.28571 0.00000 1
340.71429 22.50000 44.28571 0.00000 1
353.57143 22.50000 336.42857 0.00000 1
353.57143 22.50000 341.42857 0.00000 1
353.57143 22.50000 346.42857 0.00000 1
353.57143 22.50000 351.42857 0.00000 1
353.57143 22.50000 356.42857 0.00000 1
353.57143 22.50000 1.42857 0.00000 1
353.57143 22.50000 6.42857 0.00000 1
353.57143 22.50000 11.42857 0.00000 1
353.57143 22.50000 16.42857 0.00000 1
353.57143 22.50000 21.42857 0.00000 1
353.57143 22.50000 26.42857 0.00000 1
353.57143 22.50000 31.42857 0.00000 1
6.42857 22.50000 323.57143 0.00000 1
6.42857 22.50000 328.57143 0.00000 1
6.42857 22.50000 333.57143 0.00000 1
6.42857 22.50000 338.57143 0.00000 1
6.42857 22.50000 343.57143 0.00000 1
6.42857 22.50000 348.57143 0.00000 1
6.42857 22.50000 353.57143 0.00000 1
6.42857 22.50000 358.57143 0.00000 1
6.42857 22.50000 3.57143 0.00000 1
6.42857 22.50000 8.57143 0.00000 1
6.42857 22.50000 13.57143 0.00000 1
6.42857 22.50000 18.57143 0.00000 1
19.28571 22.50000 310.71429 0.00000 1
19.28571 22.50000 315.71429 0.00000 1
19.28571 22.50000 320.71429 0.00000 1
19.28571 22.50000 325.71429 0.00000 1
19.28571 22.50000 330.71429 0.00000 1
19.28571 22.50000 335.71429 0.00000 1
19.28571 22.50000 340.71429 0.00000 1
19.28571 22.50000 345.71429 0.00000 1
19.28571 22.50000 350.71429 0.00000 1
19.28571 22.50000 355.71429 0.00000 1
19.28571 22.50000 0.71429 0.00000 1
19.28571 22.50000 5.71429 0.00000 1
32.14286 22.50000 297.85714 0.00000 1
32.14286 22.50000 302.85714 0.00000 1
32.14286 22.50000 307.85714 0.00000 1
32.14286 22.50000 312.85714 0.00000 1
32.14286 22.50000 317.85714 0.00000 1
32.14286 22.50000 322.85714 0.00000 1
32.14286 22.50000 327.85714 0.00000 1
32.14286 22.50000 332.85714 0.00000 1
32.14286 22.50000 337.85714 0.00000 1
32.14286 22.50000 342.85714 0.00000 1
32.14286 22.50000 347.85714 0.00000 1
32.14286 22.50000 352.85714 0.00000 1
45.00000 22.50000 285.00000 0.00000 1
45.00000 22.50000 290.00000 0.00000 1
45.00000 22.50000 295.00000 0.00000 1
45.00000 22.50000 300.00000 0.00000 1
45.00000 22.50000 305.00000 0.00000 1
45.00000 22.50000 310.00000 0.00000 1
45.00000 22.50000 315.00000 0.00000 1
45.00000 22.50000 320.00000 0.00000 1
45.00000 22.50000 325.00000 0.00000 1
45.00000 22.50000 330.00000 0.00000 1
45.00000 22.50000 335.00000 0.00000 1
45.00000 22.50000 340.00000 0.00000 1
57.85714 22.50000 272.14286 0.00000 1
57.85714 22.50000 277.14286 0.00000 1
57.85714 22.50000 282.14286 0.00000 1
57.85714 22.50000 287.14286 0.00000 1
57.85714 22.50000 292.14286 0.00000 1
57.85714 22.50000 297.14286 0.00000 1
57.85714 22.50000 302.14286 0.00000 1
57.85714 22.50000 307.14286 0.00000 1
57.85714 22.50000 312.14286 0.00000 1
57.85714 22.50000 317.14286 0.00000 1
57.85714 22.50000 322.14286 0.00000 1
57.85714 22.50000 327.14286 0.00000 1
70.71429 22.50000 259.28571 0.00000 1
70.71429 22.50000 264.28571 0.00000 1
70.71429 22.50000 269.28571 0.00000 1
70.71429 22.50000 274.28571 0.00000 1
70.71429 22.50000 279.28571 0.00000 1
70.71429 22.50000 284.28571 0.00000 1
70.71429 22.50000 289.28571 0.00000 1
70.71429 22.50000 294.28571 0.00000 1
70.71429 22.50000 299.28571 0.00000 1
70.71429 22.50000 304.28571 0.00000 1
70.71429 22.50000 309.28571 0.00000 1
70.71429 22.50000 314.28571 0.00000 1
83.57143 22.50000 246.42857 0.00000 1
83.57143 22.50000 251.42857 0.00000 1
83.57143 22.50000 256.42857 0.00000 1
83.57143 22.50000 261.42857 0.00000 1
83.57143 22.50000 266.42857 0.00000 1
83.57143 22.50000 271.42857 0.00000 1
83.57143 22.50000 276.42857 0.00000 1
83.57143 22.50000 281.42857 0.00000 1
83.57143 22.50000 286.42857 0.00000 1
83.57143 22.50000 291.42857 0.00000 1
83.57143 22.50000 296.42857 0.00000 1
83.57143 22.50000 301.42857 0.00000 1
90.00000 27.50000 240.00000 0.00000 1
90.00000 27.50000 245.00000 0.00000 1
90.00000 27.50000 250.00000 0.00000 1
90.00000 27.50000 255.00000 0.00000 1
90.00000 27.50000 260.00000 0.00000 1
90.00000 27.50000 265.00000 0.00000 1
90.00000 27.50000 270.00000 0.00000 1
90.00000 27.50000 275.00000 0.00000 1
90.00000 27.50000 280.00000 0.00000 1
90.00000 27.50000 285.00000 0.00000 1
90.00000 27.50000 290.00000 0.00000 1
90.00000 27.50000 295.00000 0.00000 1
100.90909 27.50000 229.09091 0.00000 1
100.90909 27.50000 234.09091 0.00000 1
100.90909 27.50000 239.09091 0.00000 1
100.90909 27.50000 244.09091 0.00000 1
100.90909 27.50000 249.09091 0.00000 1
100.90909 27.50000 254.09091 0.00000 1
100.90909 27.50000 259.09091 0.00000 1
100.90909 27.50000 264.09091 0.00000 1
100.90909 27.50000 269.09091 0.00000 1
100.90909 27.50000 274.09091 0.00000 1
100.90909 27.50000 279.09091 0.00000 1
100.90909 27.50000 284.09091 0.00000 1
111.81818 27.50000 218.18182 0.00000 1
111.81818 27.50000 223.18182 0.00000 1
111.81818 27.50000 228.18182 0.00000 1
111.81818 27.50000 233.18182 0.00000 1
111.81818 27.50000 238.18182 0.00000 1
111.81818 27.50000 243.18182 0.00000 1
111.81818 27.50000 248.18182 0.00000 1
111.81818 27.50000 253.18182 0.00000 1
111.81818 27.50000 258.18182 0.00000 1
111.81818 27.50000 263.18182 0.00000 1
111.81818 27.50000 268.18182 0.00000 1
111.81818 27.50000 273.18182 0.00000 1
122.72727 27.50000 207.27273 0.00000 1
122.72727 27.50000 212.27273 0.00000 1
122.72727 27.50000 217.27273 0.00000 1
122.72727 27.50000 222.27273 0.00000 1
122.72727 27.50000 227.27273 0.00000 1
122.72727 27.50000 232.27273 0.00000 1
122.72727 27.50000 237.27273 0.00000 1
122.72727 27.50000 242.27273 0.00000 1
122.72727 27.50000 247.27273 0.00000 1
122.72727 27.50000 252.27273 0.00000 1
122.72727 27.50000 257.27273 0.00000 1
122.72727 27.50000 262.27273 0.00000 1
133.63636 27.50000 196.36364 0.00000 1
133.63636 27.50000 201.36364 0.00000 1
133.63636 27.50000 206.36364 0.00000 1
133.63636 27.50000 211.36364 0.00000 1
133.63636 27.50000 216.36364 0.00000 1
133.63636 27.50000 221.36364 0.00000 1
133.63636 27.50000 226.36364 0.00000 1
133.63636 27.50000 231.36364 0.00000 1
133.63636 27.50000 236.36364 0.00000 1
133.63636 27.50000 241.36364 0.00000 1
133.63636 27.50000 246.36364 0.00000 1
133.63636 27.50000 251.36364 0.00000 1
144.54545 27.50000 185.45455 0.00000 1
144.54545 27.50000 190.45455 0.00000 1
144.54545 27.50000 195.45455 0.00000 1
144.54545 27.50000 200.45455 0.00000 1
